2
10 100 0 150 0 0.5 0.1 100
2 100 0 150 0 0.5 0.1 100
21
6.0729620000000004
8.7901063000000006
20.190926300000001
20.454208300000001
28.994711299999999
30.172863299999999
41.3411233
48.5240863
50.944966299999997
54.306681299999994
56.885380299999994
56.994680899999992
60.634017899999989
63.786661899999991
64.029520199999993
67.473302199999992
74.571726199999986
79.357689199999982
80.806727199999983
86.792862199999988
89.870470199999986
91.129318199999986
115.41078819999998
117.13998819999999
118.16200319999999
118.57261009999999
119.9119671
120.5467608
123.6141798
124.68266680000001
135.00926680000001
135.45053060000001
137.48905960000002
138.65438860000003
142.75626260000004
143.24352910000005
152.24825610000005
156.04265010000006
165.88824310000007
167.09806510000007
191.93555510000007
210.44228510000006
21
6.0729620000000004
6.7901063000000006
20.190926300000001
20.454208300000001
28.994711299999999
30.172863299999999
41.3411233
48.5240863
50.944966299999997
54.306681299999994
56.885380299999994
56.994680899999992
60.634017899999989
63.786661899999991
64.029520199999993
67.473302199999992
74.571726199999986
79.357689199999982
80.806727199999983
86.792862199999988
89.870470199999986
91.129318199999986
115.41078819999998
117.13998819999999
118.16200319999999
118.57261009999999
119.9119671
120.5467608
123.6141798
124.68266680000001
135.00926680000001
135.45053060000001
137.48905960000002
138.65438860000003
142.75626260000004
143.24352910000005
152.24825610000005
156.04265010000006
165.88824310000007
167.09806510000007
191.93555510000007
210.44228510000006
